Part 2

*StarterCode> list2_1
[-10,-9,-8,-7,-6,-5,-4,-3,-2,-1,0,1,2,3,4,5,6,7,8,9,10]
*StarterCode> list2_2
[19,17,15,13,11,9,7,5,3,1]
*StarterCode> list2_3
"abcdefghijklmnopqrstuvwxyz"
*StarterCode> list2_4
"ABCDEFGHIJKLMNOPQRSTUVWXYZ"
*StarterCode> list2_5
"ABCDEFGHIJKLMNOPQRSTUVWXYZ[\\]^_`abcdefghijklmnopqrstuvwxyz"
*StarterCode> list2_6
""
*StarterCode> list2_7
[0.0,0.3333333333333333,0.6666666666666666,1.0,1.3333333333333335,1.666666666666667,2.0000000000000004,2.333333333333334,2.6666666666666674,3.000000000000001,3.3333333333333344,3.666666666666668,4.000000000000002]
*StarterCode> 
 
Part 3

*StarterCode> list3_1
[1,2,3,4,5,5,4,3,2,1]
*StarterCode> list3_2
"abcdefghijklmnopqrstuvwxyzABCDEFGHIJKLMNOPQRSTUVWXYZ"
*StarterCode> list3_3
"abcdefghijklmnopqrstuvwxyz0123456789"
*StarterCode> 

Part 4

*StarterCode> list4_2
[1.0,1.4142135623730951,1.7320508075688772,2.0,2.23606797749979,2.449489742783178,2.6457513110645907,2.8284271247461903,3.0,3.1622776601683795]
*StarterCode> list4_3
[1,2,4,8,16,32,64,128,256,512,1024,2048,4096,8192,16384,32768,65536,131072,262144,524288,1048576,2097152,4194304,8388608,16777216,33554432,67108864,134217728,268435456,536870912,1073741824,2147483648,4294967296,8589934592,17179869184,34359738368,68719476736,137438953472,274877906944,549755813888,1099511627776]
*StarterCode> list4_4
[0.0,0.7853981633974483,1.5707963267948966,2.356194490192345,3.141592653589793,3.9269908169872414,4.71238898038469,5.497787143782138,6.283185307179586]

Part 5

*StarterCode> list5_1
[0.0,0.3333333333333333,0.6666666666666666,1.0,1.3333333333333333,1.6666666666666667,2.0,2.3333333333333335,2.6666666666666665,3.0,3.3333333333333335,3.6666666666666665,4.0]
*StarterCode> list5_2
[2,3,4,6,8,9,10,12,14,15,16,18,20]
*StarterCode> list5_3
"bcdfghjklmnpqrstvwxyz"

Part 6




